* lambda_values
[0, 0.1, 0.15, 0.2, 0.25, 0.3, 0.4, 0.5, 0.55, 0.6, 0.65, 0.7, 0.75, 0.8, 0.85, 0.9, 0.95, 1]


PARIS EST - NB_LOGTS - k = 5

* lambda_values
[0, 0.1, 0.15, 0.2, 0.25, 0.3, 0.4, 0.5, 0.55, 0.6, 0.65, 0.7, 0.75, 0.8, 0.85, 0.9, 0.95, 1]

* MAE tot
[3.1867330016583746, 2.8835820895522386, 2.9303482587064678, 2.933333333333333, 2.9323383084577115, 2.9485903814262024, 2.9280265339966833, 2.8640132669983416, 2.848424543946932, 2.8391376451077943, 2.8361525704809285, 2.799336650082919, 2.8139303482587064, 2.816252072968491, 2.8291873963515752, 2.8318407960199004, 2.8291873963515752, 4.580762852404644]

* MAE 0-1 logt
[0.5081323611890073, 0.37689287717330344, 0.3752103196859226, 0.3752103196859226, 0.3645541222658441, 0.37072349971957375, 0.37296690970274815, 0.3651149747616377, 0.3690409422321929, 0.36848008973639934, 0.37296690970274815, 0.3645541222658441, 0.3639932697700505, 0.36118900729108244, 0.35333707234997197, 0.34548513740886144, 0.34436343241727424, 1.40437464946719]

* MAE 1-100 logts
[6.271158586688578, 5.76088742810189, 5.866885784716516, 5.85784716516023, 5.857025472473295, 5.880854560394413, 5.849630238290879, 5.7124075595727195, 5.662284305669679, 5.639276910435497, 5.608052588331963, 5.519309778142975, 5.562037797863599, 5.586688578471652, 5.641741988496302, 5.628594905505341, 5.608052588331963, 8.0936729663106]

* MAE +100 logts
[73.92857142857143, 69.5, 70.07142857142857, 72.14285714285714, 73.35714285714286, 74.0, 72.0, 70.28571428571429, 70.78571428571429, 70.85714285714286, 72.35714285714286, 73.21428571428571, 72.71428571428571, 71.42857142857143, 70.42857142857143, 73.57142857142857, 74.35714285714286, 97.07142857142857]


PARIS EST - HAUTEUR - k = 5

* lambda_values
[0, 0.1, 0.15, 0.2, 0.25, 0.3, 0.4, 0.5, 0.55, 0.6, 0.65, 0.7, 0.75, 0.8, 0.85, 0.9, 0.95, 1]

* MAE_tot
[1.5028726287262875, 1.0968563685636863, 1.0836856368563688, 1.0700813008130086, 1.0430352303523038, 1.041246612466125, 1.028726287262874, 1.0304607046070458, 1.047588075880759, 1.0390243902439023, 1.0445528455284552, 1.0291598915989157, 1.0276964769647696, 0.9985365853658538, 0.9726287262872632, 0.9433062330623307, 0.9527913279132796, 1.185474254742548]

* MAE -10 m
[1.3591715976331362, 0.9943786982248534, 0.9785207100591723, 0.9680473372781073, 0.9479881656804743, 0.9529585798816576, 0.9499408284023678, 0.9549704142011836, 0.9762721893491129, 0.9700000000000001, 0.9717751479289942, 0.9704733727810652, 0.9709467455621302, 0.9418934911242604, 0.924556213017752, 0.8998224852071011, 0.9067455621301784, 1.059881656804734]

* MAE 10-30 m
[3.069677419354838, 2.214193548387097, 2.230322580645161, 2.18258064516129, 2.0793548387096785, 2.003870967741936, 1.8877419354838714, 1.8535483870967737, 1.8251612903225805, 1.7916129032258064, 1.838064516129032, 1.6690322580645158, 1.6464516129032254, 1.6161290322580641, 1.496774193548387, 1.4174193548387093, 1.4548387096774191, 2.55483870967742]


QUIMPER - NB_LOGTS - k = 5

* lambda_values
[0, 0.1, 0.15, 0.2, 0.25, 0.3, 0.4, 0.5, 0.55, 0.6, 0.65, 0.7, 0.75, 0.8, 0.85, 0.9, 0.95, 1]

* MAE_tot
[0.5528455284552846, 0.6070460704607046, 0.5934959349593496, 0.5826558265582655, 0.6097560975609756, 0.5853658536585366, 0.5691056910569106, 0.5826558265582655, 0.5853658536585366, 0.5826558265582655, 0.5528455284552846, 0.5447154471544715, 0.5447154471544715, 0.5799457994579946, 0.5447154471544715, 0.5365853658536586, 0.5501355013550135, 0.9539295392953929]

* MAE 0-1 logt
[0.115625, 0.153125, 0.14375, 0.13125, 0.11875, 0.1125, 0.109375, 0.1125, 0.109375, 0.096875, 0.096875, 0.09375, 0.0875, 0.078125, 0.08125, 0.08125, 0.08125, 0.265625]

* MAE 1-100 logts
[3.4081632653061225, 3.5714285714285716, 3.5306122448979593, 3.5306122448979593, 3.816326530612245, 3.673469387755102, 3.5714285714285716, 3.6530612244897958, 3.693877551020408, 3.7551020408163267, 3.5306122448979593, 3.489795918367347, 3.5306122448979593, 3.857142857142857, 3.5714285714285716, 3.510204081632653, 3.6122448979591835, 5.448979591836735]

* MAE +100 logts
[]


QUIMPER - HAUTEUR - k = 5

* lambda_values
[0, 0.1, 0.15, 0.2, 0.25, 0.3, 0.4, 0.5, 0.55, 0.6, 0.65, 0.7, 0.75, 0.8, 0.85, 0.9, 0.95, 1]

* MAE_tot
[1.5028726287262875, 1.0968563685636863, 1.0836856368563688, 1.0700813008130086, 1.0430352303523038, 1.041246612466125, 1.028726287262874, 1.0304607046070458, 1.047588075880759, 1.0390243902439023, 1.0445528455284552, 1.0291598915989157, 1.0276964769647696, 0.9985365853658538, 0.9726287262872632, 0.9433062330623307, 0.9527913279132796, 1.185474254742548]

* MAE -10 m
[1.3591715976331362, 0.9943786982248534, 0.9785207100591723, 0.9680473372781073, 0.9479881656804743, 0.9529585798816576, 0.9499408284023678, 0.9549704142011836, 0.9762721893491129, 0.9700000000000001, 0.9717751479289942, 0.9704733727810652, 0.9709467455621302, 0.9418934911242604, 0.924556213017752, 0.8998224852071011, 0.9067455621301784, 1.059881656804734]

* MAE 10-30 m
[3.069677419354838, 2.214193548387097, 2.230322580645161, 2.18258064516129, 2.0793548387096785, 2.003870967741936, 1.8877419354838714, 1.8535483870967737, 1.8251612903225805, 1.7916129032258064, 1.838064516129032, 1.6690322580645158, 1.6464516129032254, 1.6161290322580641, 1.496774193548387, 1.4174193548387093, 1.4548387096774191, 2.55483870967742]

* MAE +30 m
[]
